% part 3:

LMMSE_Estimation([1,4,1,3;1,1,2,2;1,0,0.01,0;1,0,1,1],1,1)

C =

    0.0065    0.2931    0.2243    0.2447
    0.2931   13.1247   10.0460   10.9567
    0.2243   10.0460    7.6895    8.3866
    0.2447   10.9567    8.3866    9.1469


analyticC =

    0.0600   -0.2600   -0.2967   -0.4100
   -3.7800    1.3801    0.7371    0.3300
   -0.8404   -0.3616    1.0524   -0.2606
   -2.7600   -0.0400    0.3182    0.8600
   
   
   %part 4:
   
   C =

    0.1145   -0.2890    0.3004   -0.2749
   -0.2890    0.7295   -0.7584    0.6940
    0.3004   -0.7584    0.7883   -0.7215
   -0.2749    0.6940   -0.7215    0.6602


analyticC =

    0.5000         0         0         0
         0    0.6711         0         0
         0         0    0.9412         0
         0         0         0    0.9901
         
        %PART 5:
        
        C =

    0.0028    0.0633   -0.0525    0.0078
    0.0633    1.4578   -1.2074    0.1797
   -0.0525   -1.2074    1.0000   -0.1489
    0.0078    0.1797   -0.1489    0.0222


analyticC =

         0         0         0         0
         0    0.8000         0         0
         0         0    1.0000         0
         0         0         0    0.5000